0.5 0.5 0.5 0.5 0.5 0.5 0.5
17.9399897986 -19.1029175052 -50.5807479654 29.0831614756 -7.86459753267 109.99478894 -61.7338707722
7.82862292876 -7.33187923884 -47.4808758213 2.62442042883 -2.66140115918 116.988881131 -46.6271224553
7.2130097815 -35.858307201 -14.489231128 14.5867765465 -16.2562329367 116.086468785 -58.4646061892
0.5 0.5 0.5 0.5 0.5 0.5 0.5
3.2489109819 -3.43254265203 -27.3956574642 26.2070314234 -17.3018400864 119.825951585 -43.6854279939
-0.607464433863 -11.1886388608 -54.3400101956 9.08187284658 -15.0844555606 119.268266178 -52.6846377325
0.5 0.5 0.5 0.5 0.5 0.5 0.5
-1.1258045682 -17.3302606959 -77.6561106462 15.060359352 -3.79924482886 111.432579168 -50.5944565063
-0.126060422028 -14.8861824275 -10.8717554878 14.7803104806 -4.76009971144 114.724404287 -53.2363653685
-2.5876140999 -6.79067690852 -26.3755810116 -3.66019477965 -5.44339739766 103.730915557 -59.7915067395
5.02830971077 -26.1800551295 -15.9021667439 19.2443449095 -16.9488962708 126.805066706 -53.9352242903
5.79412827491 -43.2396478967 -59.5967375402 -9.96193178371 -21.3360383402 125.087582799 -50.2152073347
